8
16
1111111111111111
1210000000100011
1010101110101111
1000100010100011
1111111010101011
1000000010101011
1011111110111011
1010000010001011
1010101111101011
1010100010001011
1010111010111011
1010001000100011
1011101111101011
1000100000001311
1111111111111111
1111111111111111
5
13101
10101
10101
10101
10021
5
10031
10111
10101
10101
12001
5
00013
01110
21000
01111
00000
5
11011
11011
30200
11011
11011
16
1111111111111111
1210000000100011
1010101110101111
1000100010100011
1111111010101011
1000000010101011
1011111110111011
1010000010001011
1010101111101011
1010100010001011
1010111010111011
1010001000100011
1011101111101011
1000100000001311
1111111111111111
1111111111111111
16
1111111111111111
1200000010000011
1011111011111011
1000001010000011
1110101010111011
1010101010100011
1011111010111111
1000001010000011
1011101011111011
1010101010000011
1010101010111111
1010100000130011
1010111111111011
1000000000000011
1111111111111111
1111111111111111
16
1111111111111111
1200100000000011
1011101110111011
1000001010101011
1111111011101011
1000100010000011
1010101010111111
1010001010001011
1011111011101011
1000100010100011
1110101110111111
1010100000130011
1010111111111011
1000000000000011
1111111111111111
1111111111111111
2
21
11
